(((((((((((((((((0,(((1,2)
,4)
,3)
)
,((5,7)
,6)
)
,(8,10)
)
,(9,11)
)
,((12,(13,(14,15)
)
)
,16)
)
,(20,21)
)
,(19,((41,43)
,42)
)
)
,(((((44,(45,46)
)
,(47,48)
)
,49)
,50)
,51)
)
,(17,40)
)
,(18,(((((((22,23)
,(24,25)
)
,26)
,27)
,((((28,29)
,(30,31)
)
,32)
,33)
)
,34)
,((35,36)
,(37,38)
)
)
)
)
,(39,56)
)
,(53,54)
)
,(((57,(58,59)
)
,(((60,61)
,62)
,63)
)
,64)
)
,52)
,55)
,(((((65,66)
,69)
,68)
,67)
,(70,71)
)
)
,((((((100,101)
,(((((102,103)
,(104,105)
)
,(75,(78,79)
)
)
,((((((((109,113)
,((((((((74,85)
,84)
,86)
,(83,108)
)
,(90,111)
)
,(91,97)
)
,80)
,(93,112)
)
)
,(87,88)
)
,(92,95)
)
,(73,81)
)
,(94,107)
)
,(89,110)
)
,(96,115)
)
)
,(98,114)
)
)
,((76,77)
,99)
)
,72)
,82)
,106)
)
